3 16 6 10 12 14 9 5 7 2 11 1 8 4 13 15
8 14 11 1 16 7 10 4 6 13 9 15 5 3 2 12
12 7 5 13 15 8 2 6 16 4 3 10 9 1 14 11
2 15 4 9 11 1 13 3 8 5 14 12 7 16 6 10
5 3 15 8 2 4 1 14 13 11 7 6 16 10 12 9
9 2 1 11 8 13 12 16 10 14 15 4 6 5 7 3
16 13 10 14 6 5 15 7 1 3 12 9 11 2 4 8
4 12 7 6 3 10 11 9 2 16 5 8 15 13 1 14
13 8 14 12 5 3 6 2 11 1 4 16 10 9 15 7
15 11 3 4 7 9 14 8 12 10 13 2 1 6 16 5
6 1 9 16 10 12 4 11 15 7 8 5 2 14 3 13
7 10 2 5 13 15 16 1 3 9 6 14 12 11 8 4
10 5 8 15 9 2 3 13 14 6 16 7 4 12 11 1
1 4 16 2 14 11 8 15 5 12 10 13 3 7 9 6
14 6 12 3 4 16 7 10 9 15 1 11 13 8 5 2
11 9 13 7 1 6 5 12 4 8 2 3 14 15 10 16